
0x26471 | 00 11 00 0b 00 05 00 12 00 0c 00 06 00 13 00 0d 00 07 00 14 00 0e 00 08 00 15 00 0f 00 09 00 00
0xb4679 | 00 0f 00 10 00 11 00 12 00 13 00 14 00 15 00 16 00 17 00 18 00 19 00 1a 00 1b 00 1c 00 1d 00 00
0xb46b9 | 00 10 00 10 00 11 00 12 00 13 00 14 00 15 00 16 00 17 00 18 00 19 00 1a 00 1b 00 1c 00 1d 00 00
0xb4879 | 00 10 00 11 00 12 00 13 00 14 00 15 00 16 00 17 00 18 00 19 00 1a 00 1b 00 1c 00 1d 00 1e 00 00
0xb48b9 | 00 10 00 11 00 12 00 13 00 14 00 15 00 16 00 17 00 18 00 19 00 1a 00 1b 00 1c 00 1d 00 1e 00 00
0xb48f9 | 00 10 00 11 00 12 00 13 00 14 00 15 00 16 00 17 00 18 00 19 00 1a 00 1b 00 1c 00 1d 00 1e 00 00
0xb4939 | 00 10 00 11 00 12 00 13 00 14 00 15 00 16 00 17 00 18 00 19 00 1a 00 1b 00 1c 00 1d 00 1e 00 00
0xb4979 | 00 10 00 11 00 12 00 13 00 14 00 15 00 16 00 17 00 18 00 19 00 1a 00 1b 00 1c 00 1d 00 1e 00 00
0xb49b9 | 00 10 00 11 00 12 00 13 00 14 00 15 00 16 00 17 00 18 00 19 00 1a 00 1b 00 1c 00 1d 00 1e 00 00
0xb49f9 | 00 10 00 11 00 12 00 13 00 14 00 15 00 16 00 17 00 18 00 19 00 1a 00 1b 00 1c 00 1d 00 1e 00 00
0xb4a39 | 00 10 00 11 00 12 00 13 00 14 00 15 00 16 00 17 00 18 00 19 00 1a 00 1b 00 1c 00 1d 00 1e 00 00
0xbc4bf | 00 14 00 04 00 02 00 01 00 d0 07 63 00 14 00 04 00 02 00 01 00 d0 07 2c 00 28 00 04 00 02 00 00
0xbc75f | 00 14 00 04 00 02 00 01 00 d0 07 11 00 88 ff 03 00 02 00 01 00 d0 07 14 00 14 00 03 00 02 00 00
0xbc7ef | 00 14 00 03 00 02 00 01 00 d0 07 54 00 14 00 04 00 02 00 01 00 d0 07 5c 00 88 ff 03 00 02 00 00
0xbca1d | 00 00 00 07 00 06 00 03 00 06 00 01 00 05 00 03 00 04 00 00 00 04 00 03 00 04 00 01 00 03 00 00
0xbcecd | 00 00 00 15 00 16 00 17 00 18 00 19 00 1a 00 1b 00 1c 00 1d 00 00 00 0a 00 0b 00 0c 00 0d 00 00
0xbd277 | 00 00 00 05 00 08 00 0f 00 16 00 19 00 22 00 02 00 04 00 06 00 01 00 00 00 10 00 00 00 11 00 00
0xbd27b | 00 08 00 0f 00 16 00 19 00 22 00 02 00 04 00 06 00 01 00 00 00 10 00 00 00 11 00 00 00 12 00 00
0xbe1a1 | 00 00 00 0c 00 0b 00 02 00 05 00 08 00 0d 00 92 51 04 00 53 54 04 00 fe 55 04 00 02 27 04 00 00
0xbe1a7 | 00 02 00 05 00 08 00 0d 00 92 51 04 00 53 54 04 00 fe 55 04 00 02 27 04 00 00 28 04 00 06 00 00
0x135cb3 | 00 01 00 02 00 03 00 04 00 06 00 08 00 0b 00 10 00 17 00 20 00 2d 00 40 00 5b 00 80 00 b5 00 00
0x22c5941 | 00 30 00 0f 00 10 00 11 00 2f 00 0d 00 0e 00 00 00 5a 00 5b 00 13 01 14 01 00 00 00 00 46 00 00
0x23ad1a5 | 00 22 00 0a 00 1c 00 0b 00 1d 00 0c 00 1e 00 0e 00 20 00 11 00 23 00 12 00 24 00 01 00 04 00 00
0x25d1669 | 00 03 00 02 00 03 00 02 00 03 00 02 00 03 00 02 00 03 00 02 00 03 00 02 00 03 00 02 00 03 00 00
0x279c389 | 00 07 00 05 00 07 00 05 00 0b 00 0f 00 0e 00 0f 00 0e 00 0f 00 0e 00 0f 00 0e 00 0f 00 11 00 00
0x279c38d | 00 07 00 05 00 0b 00 0f 00 0e 00 0f 00 0e 00 0f 00 0e 00 0f 00 0e 00 0f 00 11 00 00 00 11 00 00
0x279c391 | 00 0b 00 0f 00 0e 00 0f 00 0e 00 0f 00 0e 00 0f 00 0e 00 0f 00 11 00 00 00 11 00 00 00 11 00 00
0x279c395 | 00 0e 00 0f 00 0e 00 0f 00 0e 00 0f 00 0e 00 0f 00 11 00 00 00 11 00 00 00 11 00 00 00 11 00 00
0x279c399 | 00 0e 00 0f 00 0e 00 0f 00 0e 00 0f 00 11 00 00 00 11 00 00 00 11 00 00 00 11 00 00 00 11 00 00
0x279c3cd | 00 0d 00 09 00 05 00 07 00 05 00 07 00 05 00 07 00 05 00 07 00 05 00 08 00 11 00 00 00 11 00 00
0x279c3d1 | 00 05 00 07 00 05 00 07 00 05 00 07 00 05 00 07 00 05 00 08 00 11 00 00 00 11 00 00 00 11 00 00
0x279c3d5 | 00 05 00 07 00 05 00 07 00 05 00 07 00 05 00 08 00 11 00 00 00 11 00 00 00 11 00 00 00 11 00 00
0x279c3d9 | 00 05 00 07 00 05 00 07 00 05 00 08 00 11 00 00 00 11 00 00 00 11 00 00 00 11 00 00 00 11 00 00
0x279c415 | 00 05 00 0a 00 05 00 0a 00 05 00 0a 00 05 00 0a 00 05 00 0a 00 05 00 0a 00 05 00 0b 00 10 00 00
0x279c419 | 00 05 00 0a 00 05 00 0a 00 05 00 0a 00 05 00 0a 00 05 00 0a 00 05 00 0b 00 10 00 00 00 11 00 00
0x279c41d | 00 05 00 0a 00 05 00 0a 00 05 00 0a 00 05 00 0a 00 05 00 0b 00 10 00 00 00 11 00 00 00 11 00 00
0x279c421 | 00 05 00 0a 00 05 00 0a 00 05 00 0a 00 05 00 0b 00 10 00 00 00 11 00 00 00 11 00 00 00 11 00 00
0x279c425 | 00 05 00 0a 00 05 00 0a 00 05 00 0b 00 10 00 00 00 11 00 00 00 11 00 00 00 11 00 00 00 11 00 00
0x279c475 | 00 05 00 0a 00 05 00 0a 00 05 00 0a 00 05 00 0a 00 05 00 0a 00 05 00 0a 00 05 00 0b 00 10 00 00
0x279c479 | 00 05 00 0a 00 05 00 0a 00 05 00 0a 00 05 00 0a 00 05 00 0a 00 05 00 0b 00 10 00 00 00 11 00 00
0x279c47d | 00 05 00 0a 00 05 00 0a 00 05 00 0a 00 05 00 0a 00 05 00 0b 00 10 00 00 00 11 00 00 00 11 00 00
0x279c481 | 00 05 00 0a 00 05 00 0a 00 05 00 0a 00 05 00 0b 00 10 00 00 00 11 00 00 00 11 00 00 00 11 00 00
0x279c485 | 00 05 00 0a 00 05 00 0a 00 05 00 0b 00 10 00 00 00 11 00 00 00 11 00 00 00 11 00 00 00 11 00 00
0x279c513 | 00 0f 00 0e 00 0f 00 0e 00 0f 00 0e 00 0f 00 0e 00 0f 00 0e 00 0f 00 0e 00 0f 00 0e 00 10 00 00
0x279c573 | 00 0f 00 0e 00 0f 00 0e 00 0f 00 0e 00 0f 00 0e 00 0f 00 0e 00 0f 00 0e 00 0f 00 0e 00 10 00 00
0x279ca4b | 00 01 00 04 00 05 00 12 00 05 00 12 00 05 00 12 00 05 00 12 00 05 00 12 00 05 00 06 00 03 00 00
0x279caab | 00 02 00 01 00 04 00 05 00 07 00 05 00 07 00 05 00 07 00 05 00 07 00 05 00 06 00 01 00 02 00 00
0x279caeb | 00 02 00 01 00 04 00 05 00 07 00 05 00 07 00 05 00 07 00 05 00 07 00 05 00 07 00 05 00 06 00 00
0x279cb4b | 00 04 00 05 00 07 00 05 00 07 00 05 00 07 00 05 00 07 00 05 00 07 00 05 00 07 00 05 00 06 00 00
0x279cbaf | 00 05 00 07 00 05 00 07 00 05 00 07 00 05 00 07 00 05 00 07 00 05 00 12 00 05 00 02 00 03 00 00
0x279cbef | 00 05 00 07 00 05 00 07 00 05 00 07 00 05 00 07 00 05 00 07 00 05 00 07 00 05 00 06 00 03 00 00
0x279cc4f | 00 05 00 07 00 05 00 07 00 05 00 07 00 05 00 07 00 05 00 07 00 05 00 07 00 05 00 02 00 03 00 00
0x279d187 | 00 07 00 05 00 07 00 05 00 07 00 05 00 07 00 05 00 07 00 05 00 07 00 05 00 07 00 05 00 07 00 00
0x279e087 | 00 07 00 05 00 07 00 05 00 07 00 05 00 07 00 05 00 07 00 05 00 07 00 05 00 07 00 05 00 07 00 00
0x27a3d85 | 00 05 00 07 00 05 00 07 00 05 00 07 00 05 00 07 00 05 00 07 00 05 00 07 00 05 00 07 00 05 00 00
0x27a3e85 | 00 07 00 05 00 07 00 05 00 07 00 05 00 07 00 05 00 07 00 05 00 07 00 05 00 07 00 05 00 07 00 00
0x27de373 | 00 90 00 0b 00 0a 00 07 00 02 00 06 00 01 00 98 01 00 00 00 00 05 00 06 00 03 00 04 00 02 00 00
0x27de377 | 00 0a 00 07 00 02 00 06 00 01 00 98 01 00 00 00 00 05 00 06 00 03 00 04 00 02 00 00 00 77 00 00
0x27df28b | 00 0a 00 06 00 02 00 03 00 0b 00 0a 00 07 00 09 00 03 00 04 00 08 00 09 00 00 00 77 00 f3 00 00
0x27df28f | 00 02 00 03 00 0b 00 0a 00 07 00 09 00 03 00 04 00 08 00 09 00 00 00 77 00 f3 00 00 01 ff 00 00
0x27df293 | 00 0b 00 0a 00 07 00 09 00 03 00 04 00 08 00 09 00 00 00 77 00 f3 00 00 01 ff 00 00 01 ff 00 00
0x27e00c9 | 00 00 00 01 00 03 00 04 00 06 00 01 00 75 01 35 01 36 01 35 01 36 01 35 01 76 01 42 00 1c 00 00
0x2900187 | 00 01 00 02 00 01 00 02 00 01 00 02 00 01 00 02 00 01 00 02 00 01 00 02 00 01 00 02 00 01 00 00
0x2901087 | 00 01 00 02 00 01 00 02 00 01 00 02 00 01 00 02 00 01 00 05 00 01 00 02 00 08 00 02 00 01 00 00
0x2948e93 | 00 01 00 0a 00 0c 00 02 00 01 00 02 00 1e 00 1f 00 01 00 02 00 01 00 0a 00 0c 00 01 00 02 00 00
0x2948f93 | 00 03 00 0a 00 0c 00 04 00 03 00 04 00 0a 00 0c 00 03 00 04 00 03 00 0a 00 0c 00 03 00 04 00 00
0x2949093 | 00 03 00 0a 00 0c 00 04 00 03 00 04 00 0a 00 0c 00 03 00 04 00 03 00 0a 00 0c 00 03 00 04 00 00
0x294a95b | 00 0c 00 01 00 02 00 0a 00 0c 00 01 00 02 00 0a 00 0c 00 01 00 02 00 0a 00 0c 00 03 00 04 00 00
0x294aa5b | 00 0c 00 03 00 04 00 0a 00 0c 00 01 00 02 00 0a 00 0c 00 01 00 02 00 0a 00 0c 00 01 00 02 00 00
0x294b233 | 00 04 00 03 00 04 00 03 00 04 00 03 00 04 00 0a 00 0c 00 03 00 04 00 03 00 04 00 03 00 04 00 00
0x294b333 | 00 02 00 01 00 0a 00 0c 00 02 00 01 00 02 00 0a 00 0c 00 01 00 02 00 01 00 02 00 01 00 02 00 00
0x294b433 | 00 04 00 03 00 0a 00 0c 00 04 00 03 00 04 00 0a 00 0c 00 03 00 04 00 03 00 04 00 03 00 04 00 00
0x294b45b | 00 0b 00 0b 00 04 00 03 00 04 00 03 00 04 00 0a 00 0c 00 03 00 04 00 03 00 04 00 03 00 04 00 00
0x294b533 | 00 02 00 01 00 0a 00 0c 00 02 00 01 00 02 00 0a 00 0c 00 01 00 02 00 01 00 02 00 01 00 02 00 00
0x294b55b | 00 0b 00 0b 00 02 00 01 00 02 00 01 00 02 00 0a 00 0c 00 01 00 02 00 01 00 02 00 01 00 02 00 00
0x294b633 | 00 04 00 03 00 0a 00 0c 00 04 00 03 00 04 00 0a 00 0c 00 03 00 04 00 03 00 04 00 03 00 04 00 00
0x294b933 | 00 02 00 01 00 02 00 01 00 02 00 01 00 02 00 0a 00 0c 00 01 00 02 00 01 00 02 00 01 00 02 00 00
0x294ba33 | 00 04 00 03 00 04 00 03 00 04 00 03 00 04 00 0a 00 0c 00 03 00 04 00 03 00 04 00 03 00 04 00 00
0x294bb33 | 00 02 00 01 00 02 00 01 00 02 00 01 00 02 00 0a 00 0c 00 01 00 02 00 01 00 02 00 01 00 02 00 00
0x294bc33 | 00 04 00 03 00 04 00 03 00 04 00 03 00 04 00 0a 00 0c 00 03 00 04 00 03 00 04 00 03 00 04 00 00
0x2cc8887 | 00 01 00 03 00 01 00 03 00 01 00 03 00 01 00 03 00 01 00 03 00 01 00 03 00 01 00 03 00 01 00 00
0x2cce887 | 00 01 00 03 00 01 00 03 00 01 00 03 00 01 00 03 00 01 00 03 00 01 00 03 00 01 00 03 00 01 00 00
0x2ce2f4b | 00 00 00 03 00 01 00 02 00 06 00 02 00 82 00 02 00 01 00 02 00 03 00 01 00 03 00 10 00 02 00 00
0x2ce2f5b | 00 01 00 02 00 03 00 01 00 03 00 10 00 02 00 00 00 04 00 01 00 03 00 08 00 01 00 3d 00 08 00 00
0x2ce2f87 | 00 00 00 05 00 01 00 02 00 0a 00 02 00 3b 00 07 00 00 00 01 00 09 00 01 00 02 00 12 00 01 00 00
0x2ce2fe1 | 00 00 00 02 00 01 00 02 00 05 00 02 00 3e 00 05 00 00 00 02 00 07 00 00 00 02 00 15 00 01 00 00
0x2ce3095 | 00 00 00 03 00 02 00 04 00 06 00 20 00 82 00 02 00 03 00 01 00 03 00 04 00 02 00 1b 00 01 00 00
0x2ce30b3 | 00 00 00 04 00 02 00 04 00 08 00 20 00 3d 00 01 00 04 00 01 00 02 00 05 00 02 00 1c 00 02 00 00
0x2ce3257 | 00 00 00 01 00 05 00 07 00 02 00 1c 00 39 00 03 00 04 00 01 00 04 00 06 00 02 00 2a 00 01 00 00
0x2ce3265 | 00 03 00 04 00 01 00 04 00 06 00 02 00 2a 00 01 00 00 00 02 00 05 00 07 00 04 00 1c 00 3c 00 00
0x2ce3275 | 00 00 00 02 00 05 00 07 00 04 00 1c 00 3c 00 00 00 04 00 02 00 00 00 05 00 04 00 2b 00 01 00 00
0x2ce3473 | 00 00 00 02 00 04 00 06 00 05 00 15 00 3e 00 05 00 02 00 01 00 07 00 03 00 02 00 3c 00 02 00 00
0x2ce34eb | 00 00 00 01 00 03 00 05 00 02 00 19 00 39 00 03 00 00 00 02 00 04 00 00 00 03 00 40 00 02 00 00
0x2ce3545 | 00 00 00 04 00 03 00 05 00 08 00 19 00 3d 00 04 00 00 00 02 00 05 00 00 00 04 00 43 00 01 00 00
0x2ce388b | 00 00 00 01 00 04 00 01 00 02 00 09 00 12 00 7c 00 03 00 02 00 00 00 05 00 02 00 00 00 5f 00 00
0x2ce3935 | 00 00 00 02 00 06 00 01 00 64 00 02 00 01 00 05 00 02 00 04 00 0a 00 2a 00 76 00 02 00 06 00 00
0x2ce393f | 00 02 00 01 00 05 00 02 00 04 00 0a 00 2a 00 76 00 02 00 06 00 00 00 03 00 07 00 02 00 65 00 00
0x2ce3943 | 00 05 00 02 00 04 00 0a 00 2a 00 76 00 02 00 06 00 00 00 03 00 07 00 02 00 65 00 00 00 01 00 00
0x2ce39b7 | 00 00 00 01 00 03 00 02 00 04 00 07 00 2a 00 8a 00 00 00 05 00 00 00 01 00 06 00 00 00 69 00 00
0x2ce39d5 | 00 00 00 01 00 04 00 02 00 04 00 09 00 2a 00 7c 00 01 00 04 00 00 00 01 00 05 00 01 00 6a 00 00
0x2ce3a4d | 00 00 00 01 00 03 00 05 00 07 00 06 00 16 00 88 00 01 00 04 00 00 00 01 00 06 00 00 00 6e 00 00
0x2ce3a6b | 00 00 00 01 00 04 00 05 00 07 00 08 00 16 00 77 00 01 00 03 00 01 00 02 00 04 00 01 00 6f 00 00
0x2ce3a8d | 00 05 00 05 00 07 00 0a 00 16 00 76 00 03 00 02 00 00 00 04 00 03 00 00 00 70 00 02 00 01 00 00
0x2ce3b41 | 00 05 00 05 00 07 00 0b 00 16 00 75 00 02 00 04 00 00 00 03 00 05 00 01 00 76 00 00 00 01 00 00
0x2ce3b97 | 00 02 00 01 00 02 00 05 00 07 00 05 00 16 00 7a 00 02 00 05 00 01 00 03 00 07 00 02 00 79 00 00
0x2ce3cd7 | 00 00 00 04 00 02 00 01 00 83 00 02 00 01 00 02 00 04 00 06 00 05 00 27 00 7a 00 05 00 03 00 00
0x2ce3d1d | 00 00 00 01 00 05 00 03 00 05 00 0a 00 2d 00 76 00 03 00 02 00 00 00 04 00 02 00 01 00 86 00 00
0x2ce3d21 | 00 05 00 03 00 05 00 0a 00 2d 00 76 00 03 00 02 00 00 00 04 00 02 00 01 00 86 00 00 00 01 00 00
0x2ce3d6d | 00 01 00 04 00 01 00 02 00 88 00 02 00 01 00 02 00 03 00 05 00 04 00 2d 00 78 00 07 00 01 00 00
0x2ce3e67 | 00 02 00 01 00 04 00 03 00 05 00 09 00 2d 00 7c 00 05 00 02 00 01 00 07 00 03 00 02 00 91 00 00
0x2ce3e6b | 00 04 00 03 00 05 00 09 00 2d 00 7c 00 05 00 02 00 01 00 07 00 03 00 02 00 91 00 00 00 02 00 00
0x2ce4069 | 00 05 00 01 00 03 00 0a 00 0f 00 64 00 06 00 02 00 00 00 08 00 03 00 01 00 a2 00 01 00 02 00 00
0x2ce40d3 | 00 00 00 06 00 02 00 01 00 a5 00 01 00 02 00 03 00 01 00 02 00 07 00 0e 00 8c 00 05 00 01 00 00
0x2ce40dd | 00 01 00 02 00 03 00 01 00 02 00 07 00 0e 00 8c 00 05 00 01 00 00 00 07 00 02 00 00 00 a6 00 00
0x2ce40fb | 00 00 00 02 00 04 00 01 00 03 00 09 00 0f 00 55 00 02 00 03 00 00 00 04 00 03 00 00 00 a7 00 00
0x2ce4169 | 00 01 00 01 00 04 00 02 00 aa 00 01 00 02 00 03 00 02 00 04 00 06 00 26 00 8e 00 01 00 05 00 00
0x2ce4187 | 00 00 00 02 00 06 00 01 00 ab 00 01 00 02 00 04 00 02 00 04 00 08 00 26 00 57 00 00 00 06 00 00
0x2ce41af | 00 02 00 02 00 05 00 02 00 04 00 0a 00 26 00 64 00 01 00 07 00 00 00 02 00 08 00 02 00 ad 00 00
0x2ce41b3 | 00 05 00 02 00 04 00 0a 00 26 00 64 00 01 00 07 00 00 00 02 00 08 00 02 00 ad 00 00 00 02 00 00
0x2ce4227 | 00 00 00 02 00 03 00 02 00 04 00 07 00 26 00 8c 00 01 00 04 00 00 00 01 00 05 00 01 00 b1 00 00
0x2ce429f | 00 02 00 02 00 01 00 02 00 04 00 03 00 26 00 60 00 01 00 06 00 01 00 02 00 08 00 02 00 b5 00 00
0x2ce42af | 00 01 00 06 00 01 00 02 00 08 00 02 00 b5 00 00 00 02 00 03 00 05 00 07 00 06 00 18 00 8e 00 00
0x2ce43b1 | 00 05 00 05 00 07 00 0b 00 18 00 5f 00 01 00 05 00 00 00 02 00 06 00 01 00 be 00 00 00 02 00 00
0x2ce4457 | 00 00 00 05 00 03 00 01 00 c3 00 01 00 02 00 00 00 04 00 06 00 00 00 25 00 8d 00 02 00 04 00 00
0x2ce44f7 | 00 00 00 02 00 05 00 04 00 06 00 0b 00 25 00 5f 00 01 00 03 00 01 00 02 00 03 00 02 00 c9 00 00
0x2ce44fb | 00 05 00 04 00 06 00 0b 00 25 00 5f 00 01 00 03 00 01 00 02 00 03 00 02 00 c9 00 00 00 02 00 00
0x2ce4507 | 00 01 00 03 00 01 00 02 00 03 00 02 00 c9 00 00 00 02 00 00 00 04 00 06 00 01 00 25 00 68 00 00
0x2ce456f | 00 02 00 02 00 03 00 04 00 06 00 07 00 25 00 8c 00 02 00 04 00 02 00 04 00 05 00 03 00 cd 00 00
0x2ce467d | 00 01 00 02 00 01 00 03 00 05 00 03 00 1a 00 60 00 01 00 04 00 01 00 02 00 05 00 02 00 d6 00 00
0x2ce46d7 | 00 02 00 02 00 04 00 03 00 05 00 09 00 1a 00 55 00 04 00 03 00 01 00 06 00 04 00 02 00 d9 00 00
0x2ce46db | 00 04 00 03 00 05 00 09 00 1a 00 55 00 04 00 03 00 01 00 06 00 04 00 02 00 d9 00 00 00 03 00 00
0x2ce48d9 | 00 05 00 01 00 02 00 0a 00 0b 00 4b 00 05 00 02 00 01 00 07 00 03 00 02 00 ea 00 01 00 03 00 00
0x2ce4a51 | 00 01 00 01 00 05 00 01 00 f6 00 01 00 03 00 01 00 02 00 04 00 02 00 1d 00 50 00 00 00 06 00 00
0x2ce4b0f | 00 02 00 03 00 01 00 02 00 04 00 03 00 1d 00 4c 00 00 00 06 00 02 00 01 00 08 00 03 00 fd 00 00
0x2ce4b4b | 00 00 00 03 00 04 00 05 00 07 00 08 00 23 00 52 00 00 00 03 00 02 00 00 00 05 00 02 00 ff 00 00
0x2ce4b6d | 00 05 00 05 00 07 00 0a 00 23 00 4b 00 01 00 03 00 01 00 02 00 04 00 01 00 00 01 02 00 03 00 00
0x2ce4bf7 | 00 01 00 06 00 02 00 04 01 01 00 03 00 04 00 05 00 07 00 09 00 23 00 48 00 00 00 05 00 02 00 00
0x2ce4cb7 | 00 05 00 04 00 06 00 0a 00 2b 00 4b 00 02 00 03 00 01 00 04 00 03 00 02 00 0b 01 01 00 03 00 00
0x2ce4cff | 00 02 00 04 00 02 00 04 00 05 00 03 00 0d 01 00 00 03 00 02 00 04 00 06 00 04 00 2b 00 43 00 00
0x2ce4d05 | 00 04 00 05 00 03 00 0d 01 00 00 03 00 02 00 04 00 06 00 04 00 2b 00 43 00 00 00 05 00 01 00 00
0x2ce4e01 | 00 05 00 03 00 05 00 0a 00 1f 00 4b 00 01 00 03 00 01 00 02 00 03 00 02 00 16 01 00 00 03 00 00
0x2ce5149 | 00 05 00 01 00 03 00 0a 00 06 00 1c 00 05 00 01 00 02 00 07 00 02 00 03 00 32 01 01 00 04 00 00
0x2ce51b1 | 00 01 00 02 00 05 00 01 00 03 00 35 01 01 00 04 00 03 00 01 00 02 00 07 00 05 00 20 00 04 00 00
0x2ce5281 | 00 01 00 03 00 02 00 01 00 05 00 03 00 3c 01 02 00 04 00 05 00 02 00 04 00 0a 00 2e 00 1c 00 00
0x2ce529f | 00 00 00 06 00 02 00 01 00 07 00 04 00 3d 01 00 00 04 00 00 00 02 00 04 00 00 00 2e 00 7f 00 00
0x2ce52bd | 00 00 00 03 00 02 00 01 00 04 00 02 00 3e 01 01 00 04 00 01 00 02 00 04 00 02 00 2e 00 18 00 00
0x2ce55e7 | 00 00 00 02 00 03 00 01 00 02 00 04 00 59 01 00 00 04 00 00 00 04 00 06 00 01 00 2c 00 7e 00 00
0x2ce57bb | 00 04 00 03 00 05 00 09 00 13 00 12 00 03 00 02 00 03 00 05 00 03 00 04 00 69 01 00 00 05 00 00
0x2ce59b9 | 00 05 00 01 00 03 00 0a 00 09 00 31 00 06 00 00 00 02 00 08 00 01 00 03 00 7a 01 01 00 05 00 00
0x2ce5d01 | 00 05 00 05 00 07 00 0b 00 31 00 22 00 01 00 04 00 02 00 01 00 05 00 03 00 96 01 00 00 05 00 00
0x2ce5d97 | 00 05 00 04 00 06 00 0a 00 2f 00 31 00 03 00 01 00 02 00 05 00 01 00 03 00 9b 01 01 00 05 00 00
0x2ce5ee1 | 00 05 00 03 00 05 00 0a 00 14 00 31 00 02 00 01 00 02 00 03 00 01 00 03 00 a6 01 00 00 05 00 00
0x2ce5eef | 00 01 00 02 00 03 00 01 00 03 00 a6 01 00 00 05 00 00 00 03 00 05 00 00 00 14 00 83 00 03 00 00
0x2ce5f0d | 00 00 00 02 00 04 00 01 00 02 00 a7 01 00 00 05 00 01 00 03 00 05 00 02 00 14 00 27 00 02 00 00
0x2ce5f67 | 00 01 00 02 00 07 00 02 00 03 00 aa 01 01 00 05 00 04 00 03 00 05 00 08 00 14 00 33 00 03 00 00
0x2ce5f95 | 00 05 00 03 00 05 00 0b 00 14 00 22 00 03 00 01 00 02 00 05 00 01 00 03 00 ac 01 01 00 05 00 00
0x2ce6029 | 00 05 00 04 00 03 00 05 00 09 00 14 00 29 00 04 00 01 00 03 00 06 00 02 00 04 00 b1 01 00 00 00
0x2ce61cd | 00 00 00 02 00 01 00 02 00 10 00 02 00 07 00 06 00 00 00 01 00 07 00 00 00 02 00 bf 01 00 00 00
0x2ce61eb | 00 00 00 03 00 01 00 02 00 12 00 02 00 05 00 03 00 01 00 03 00 04 00 01 00 04 00 c0 01 02 00 00
0x2ce61fb | 00 01 00 03 00 04 00 01 00 04 00 c0 01 02 00 00 00 04 00 01 00 03 00 14 00 01 00 06 00 0a 00 00
0x2ce6227 | 00 00 00 05 00 01 00 03 00 16 00 01 00 02 00 09 00 00 00 01 00 0b 00 01 00 02 00 c2 01 01 00 00
0x2ce6281 | 00 00 00 02 00 01 00 02 00 11 00 02 00 09 00 07 00 00 00 01 00 09 00 00 00 02 00 c5 01 01 00 00
0x2ce62cd | 00 01 00 01 00 06 00 01 00 02 00 c7 01 00 00 00 00 05 00 01 00 03 00 17 00 01 00 03 00 04 00 00
0x2ce62db | 00 00 00 05 00 01 00 03 00 17 00 01 00 03 00 04 00 00 00 03 00 05 00 00 00 04 00 c8 01 02 00 00
0x2ce6335 | 00 00 00 03 00 02 00 04 00 12 00 20 00 05 00 03 00 04 00 01 00 04 00 05 00 02 00 cb 01 01 00 00
0x2ce6353 | 00 00 00 04 00 02 00 04 00 14 00 20 00 06 00 01 00 06 00 01 00 03 00 06 00 02 00 cc 01 02 00 00
0x2ce6371 | 00 00 00 05 00 02 00 04 00 16 00 20 00 02 00 03 00 06 00 01 00 04 00 08 00 02 00 cd 01 00 00 00
0x2ce63e9 | 00 00 00 03 00 02 00 04 00 13 00 20 00 04 00 01 00 06 00 00 00 02 00 06 00 01 00 d1 01 00 00 00
0x2ce6407 | 00 00 00 04 00 02 00 04 00 15 00 20 00 08 00 02 00 04 00 01 00 02 00 05 00 02 00 d2 01 00 00 00
0x2ce6461 | 00 00 00 01 00 02 00 04 00 0f 00 20 00 0b 00 03 00 04 00 03 00 04 00 06 00 04 00 d5 01 00 00 00
0x2ce647f | 00 00 00 03 00 05 00 07 00 12 00 1c 00 05 00 01 00 06 00 00 00 02 00 06 00 01 00 d6 01 00 00 00
0x2ce649d | 00 00 00 04 00 05 00 07 00 14 00 1c 00 06 00 03 00 04 00 00 00 03 00 05 00 01 00 d7 01 00 00 00
0x2ce64f7 | 00 00 00 01 00 05 00 07 00 0e 00 1c 00 0a 00 04 00 05 00 01 00 05 00 07 00 02 00 da 01 01 00 00
0x2ce6515 | 00 00 00 02 00 05 00 07 00 10 00 1c 00 07 00 01 00 05 00 02 00 00 00 06 00 05 00 db 01 01 00 00
0x2ce6551 | 00 00 00 04 00 05 00 07 00 15 00 1c 00 08 00 01 00 04 00 03 00 02 00 05 00 04 00 dd 01 01 00 00
0x2ce65ab | 00 00 00 01 00 05 00 07 00 0f 00 1c 00 0b 00 02 00 04 00 01 00 02 00 05 00 02 00 e0 01 02 00 00
0x2ce65c9 | 00 00 00 02 00 05 00 07 00 11 00 1c 00 09 00 03 00 04 00 03 00 04 00 06 00 04 00 e1 01 00 00 00
0x2ce6641 | 00 00 00 01 00 04 00 06 00 0e 00 15 00 0a 00 05 00 02 00 03 00 08 00 02 00 04 00 e5 01 00 00 00
0x2ce665f | 00 00 00 02 00 04 00 06 00 10 00 15 00 07 00 02 00 04 00 01 00 02 00 05 00 02 00 e6 01 01 00 00
0x2ce667d | 00 00 00 03 00 04 00 06 00 12 00 15 00 05 00 04 00 01 00 03 00 05 00 01 00 05 00 e7 01 01 00 00
0x2ce66f5 | 00 00 00 01 00 04 00 06 00 0f 00 15 00 0b 00 04 00 01 00 02 00 06 00 01 00 02 00 eb 01 02 00 00
0x2ce6713 | 00 00 00 02 00 04 00 06 00 11 00 15 00 09 00 06 00 03 00 01 00 08 00 04 00 02 00 ec 01 02 00 00
0x2ce678b | 00 00 00 01 00 03 00 05 00 0e 00 19 00 0a 00 04 00 00 00 03 00 05 00 00 00 04 00 f0 01 02 00 00
0x2ce6a6b | 00 03 00 01 00 04 00 03 00 02 00 08 02 02 00 01 00 04 00 01 00 03 00 14 00 11 00 6a 00 0a 00 00
0x2ce6ae5 | 00 01 00 08 00 01 00 02 00 0c 02 01 00 01 00 02 00 01 00 02 00 11 00 12 00 6d 00 07 00 01 00 00
0x2ce6bd5 | 00 01 00 02 00 08 00 01 00 14 02 02 00 01 00 05 00 02 00 04 00 16 00 2a 00 74 00 03 00 07 00 00
0x2ce6be3 | 00 05 00 02 00 04 00 16 00 2a 00 74 00 03 00 07 00 00 00 04 00 09 00 01 00 15 02 00 00 01 00 00
0x2ce6bf3 | 00 00 00 04 00 09 00 01 00 15 02 00 00 01 00 00 00 02 00 04 00 0c 00 2a 00 71 00 03 00 04 00 00
0x2ce6c4d | 00 00 00 01 00 09 00 01 00 18 02 00 00 01 00 03 00 02 00 04 00 13 00 2a 00 72 00 00 00 07 00 00
0x2ce6c97 | 00 05 00 02 00 04 00 17 00 2a 00 69 00 02 00 04 00 01 00 02 00 05 00 02 00 1b 02 02 00 01 00 00
0x2ce6ce3 | 00 01 00 04 00 08 00 02 00 1d 02 00 00 01 00 03 00 05 00 07 00 12 00 16 00 6e 00 01 00 06 00 00
0x2ce6df1 | 00 00 00 04 00 06 00 01 00 26 02 00 00 01 00 00 00 05 00 07 00 0d 00 16 00 6b 00 03 00 04 00 00
0x2ce6e69 | 00 03 00 04 00 01 00 04 00 2a 02 01 00 01 00 05 00 04 00 06 00 16 00 27 00 74 00 05 00 03 00 00
0x2ce6e77 | 00 05 00 04 00 06 00 16 00 27 00 74 00 05 00 03 00 00 00 08 00 02 00 01 00 2b 02 01 00 01 00 00
0x2ce6ec3 | 00 01 00 08 00 04 00 02 00 2d 02 00 00 01 00 02 00 04 00 06 00 10 00 27 00 6c 00 01 00 06 00 00
0x2ce6f77 | 00 00 00 05 00 03 00 01 00 33 02 02 00 01 00 02 00 04 00 06 00 11 00 27 00 6d 00 07 00 03 00 00
0x2ce6fb3 | 00 02 00 06 00 05 00 03 00 35 02 00 00 01 00 05 00 03 00 05 00 16 00 2d 00 74 00 04 00 03 00 00
0x2ce6fc1 | 00 05 00 03 00 05 00 16 00 2d 00 74 00 04 00 03 00 00 00 05 00 02 00 01 00 36 02 00 00 01 00 00
0x2ce6fd1 | 00 00 00 05 00 02 00 01 00 36 02 00 00 01 00 00 00 03 00 05 00 0c 00 2d 00 71 00 06 00 01 00 00
0x2ce700d | 00 01 00 05 00 01 00 02 00 38 02 02 00 01 00 02 00 03 00 05 00 10 00 2d 00 6c 00 09 00 01 00 00
0x2ce7067 | 00 01 00 06 00 01 00 04 00 3b 02 01 00 01 00 05 00 03 00 05 00 17 00 2d 00 69 00 05 00 03 00 00
0x2ce7075 | 00 05 00 03 00 05 00 17 00 2d 00 69 00 05 00 03 00 00 00 07 00 03 00 01 00 3c 02 01 00 01 00 00
0x2ce70bf | 00 04 00 01 00 04 00 05 00 02 00 3e 02 00 00 01 00 02 00 03 00 05 00 11 00 2d 00 6d 00 07 00 00
0x2ce710b | 00 04 00 03 00 05 00 15 00 2d 00 73 00 07 00 02 00 01 00 08 00 04 00 02 00 41 02 00 00 02 00 00
0x2ce72dd | 00 01 00 02 00 05 00 02 00 50 02 02 00 02 00 04 00 01 00 03 00 14 00 0f 00 5d 00 09 00 01 00 00
0x2ce7309 | 00 05 00 01 00 03 00 16 00 0f 00 66 00 07 00 03 00 00 00 09 00 04 00 01 00 52 02 01 00 02 00 00
0x2ce7373 | 00 00 00 08 00 02 00 01 00 55 02 01 00 02 00 03 00 01 00 02 00 13 00 0e 00 5a 00 07 00 01 00 00
0x2ce7409 | 00 01 00 01 00 06 00 02 00 5a 02 01 00 02 00 03 00 02 00 04 00 12 00 26 00 63 00 02 00 06 00 00
0x2ce7427 | 00 00 00 02 00 08 00 01 00 5b 02 01 00 02 00 04 00 02 00 04 00 14 00 26 00 5d 00 03 00 05 00 00
0x2ce7445 | 00 00 00 01 00 09 00 01 00 5c 02 02 00 02 00 05 00 02 00 04 00 16 00 26 00 66 00 01 00 09 00 00
0x2ce7453 | 00 05 00 02 00 04 00 16 00 26 00 66 00 01 00 09 00 00 00 02 00 0a 00 02 00 5d 02 00 00 02 00 00
0x2ce7463 | 00 00 00 02 00 0a 00 02 00 5d 02 00 00 02 00 00 00 02 00 04 00 0c 00 26 00 61 00 01 00 06 00 00
0x2ce74db | 00 00 00 01 00 07 00 01 00 61 02 00 00 02 00 04 00 02 00 04 00 15 00 26 00 5b 00 00 00 07 00 00
0x2ce754f | 00 01 00 08 00 01 00 02 00 0a 00 02 00 65 02 00 00 02 00 03 00 05 00 07 00 12 00 18 00 63 00 00
0x2ce7553 | 00 01 00 02 00 0a 00 02 00 65 02 00 00 02 00 03 00 05 00 07 00 12 00 18 00 63 00 00 00 07 00 00
0x2ce759d | 00 05 00 05 00 07 00 16 00 18 00 66 00 03 00 04 00 00 00 04 00 05 00 00 00 68 02 02 00 02 00 00
0x2ce75cb | 00 00 00 02 00 0b 00 01 00 69 02 02 00 02 00 01 00 05 00 07 00 0e 00 18 00 58 00 03 00 07 00 00
0x2ce7651 | 00 05 00 05 00 07 00 17 00 18 00 62 00 01 00 07 00 00 00 02 00 08 00 01 00 6e 02 00 00 02 00 00
0x2ce7661 | 00 00 00 02 00 08 00 01 00 6e 02 00 00 02 00 00 00 05 00 07 00 0d 00 18 00 65 00 01 00 06 00 00
0x2ce767f | 00 00 00 01 00 07 00 01 00 6f 02 00 00 02 00 01 00 05 00 07 00 0f 00 18 00 5c 00 00 00 07 00 00
0x2ce76f7 | 00 00 00 06 00 04 00 01 00 73 02 01 00 02 00 00 00 04 00 06 00 0c 00 25 00 61 00 03 00 05 00 00
0x2ce779b | 00 05 00 04 00 06 00 17 00 25 00 62 00 02 00 04 00 01 00 02 00 05 00 02 00 79 02 00 00 02 00 00
0x2ce77a7 | 00 02 00 04 00 01 00 02 00 05 00 02 00 79 02 00 00 02 00 00 00 04 00 06 00 0d 00 25 00 65 00 00
0x2ce7823 | 00 02 00 03 00 08 00 03 00 7d 02 00 00 02 00 05 00 03 00 05 00 16 00 1a 00 66 00 03 00 04 00 00
0x2ce797b | 00 04 00 03 00 05 00 15 00 1a 00 5b 00 05 00 04 00 01 00 07 00 05 00 02 00 89 02 00 00 03 00 00
0x2ce7b79 | 00 05 00 01 00 03 00 16 00 0c 00 42 00 06 00 03 00 01 00 08 00 04 00 02 00 9a 02 01 00 03 00 00
0x2ce7cf1 | 00 01 00 01 00 06 00 02 00 a6 02 01 00 03 00 01 00 02 00 04 00 0e 00 1d 00 40 00 00 00 08 00 00
0x2ce7d4b | 00 01 00 01 00 06 00 02 00 a9 02 00 00 03 00 04 00 02 00 04 00 15 00 1d 00 47 00 00 00 07 00 00
0x2ce7e0d | 00 05 00 05 00 07 00 16 00 23 00 42 00 01 00 05 00 01 00 02 00 06 00 01 00 b0 02 02 00 03 00 00
0x2ce7e19 | 00 01 00 05 00 01 00 02 00 06 00 01 00 b0 02 02 00 03 00 00 00 05 00 07 00 0c 00 23 00 4d 00 00
0x2ce7f57 | 00 05 00 04 00 06 00 16 00 2b 00 42 00 03 00 04 00 02 00 05 00 04 00 02 00 bb 02 01 00 03 00 00
0x2ce7f9f | 00 02 00 05 00 03 00 04 00 06 00 04 00 bd 02 00 00 03 00 02 00 04 00 06 00 10 00 2b 00 41 00 00
0x2ce839b | 00 03 00 01 00 03 00 04 00 01 00 04 00 df 02 00 00 04 00 03 00 01 00 02 00 12 00 05 00 0d 00 00
0x2ce83e9 | 00 05 00 01 00 03 00 16 00 06 00 1f 00 07 00 01 00 02 00 08 00 02 00 04 00 e2 02 01 00 04 00 00
0x2ce8451 | 00 01 00 03 00 06 00 01 00 04 00 e5 02 01 00 04 00 03 00 01 00 02 00 13 00 05 00 16 00 05 00 00
0x2ce8521 | 00 01 00 04 00 03 00 01 00 06 00 04 00 ec 02 02 00 04 00 05 00 02 00 04 00 16 00 2e 00 1f 00 00
0x2ce855d | 00 00 00 04 00 03 00 01 00 05 00 03 00 ee 02 01 00 04 00 01 00 02 00 04 00 0e 00 2e 00 17 00 00
0x2ce8887 | 00 00 00 03 00 04 00 01 00 03 00 05 00 09 03 00 00 04 00 00 00 04 00 06 00 0d 00 2c 00 19 00 00
0x2ce8c2b | 00 01 00 04 00 03 00 01 00 05 00 28 03 02 00 05 00 04 00 01 00 03 00 14 00 09 00 2b 00 09 00 00
0x2ce8c59 | 00 05 00 01 00 03 00 16 00 09 00 2e 00 08 00 00 00 02 00 09 00 01 00 04 00 2a 03 01 00 05 00 00
0x2ce8da3 | 00 05 00 02 00 04 00 16 00 1e 00 2e 00 01 00 06 00 03 00 02 00 07 00 05 00 35 03 00 00 05 00 00
0x2ce8eed | 00 05 00 05 00 07 00 16 00 31 00 2e 00 03 00 01 00 03 00 04 00 02 00 03 00 40 03 02 00 05 00 00
0x2ce8fa1 | 00 05 00 05 00 07 00 17 00 31 00 26 00 01 00 05 00 02 00 01 00 06 00 04 00 46 03 00 00 05 00 00
0x2ce9037 | 00 05 00 04 00 06 00 16 00 2f 00 2e 00 04 00 01 00 03 00 06 00 01 00 04 00 4b 03 01 00 05 00 00
0x2ce9181 | 00 05 00 03 00 05 00 16 00 14 00 2e 00 03 00 01 00 03 00 04 00 01 00 04 00 56 03 00 00 05 00 00
0x2ce918f | 00 01 00 03 00 04 00 01 00 04 00 56 03 00 00 05 00 00 00 03 00 05 00 0c 00 14 00 24 00 04 00 00
0x2ce91ad | 00 00 00 03 00 05 00 01 00 03 00 57 03 00 00 05 00 01 00 03 00 05 00 0e 00 14 00 32 00 03 00 00
0x2ce9235 | 00 05 00 03 00 05 00 17 00 14 00 26 00 04 00 01 00 03 00 06 00 01 00 04 00 5c 03 01 00 05 00 00
0x2ce927f | 00 03 00 04 00 02 00 04 00 05 00 5e 03 00 00 05 00 02 00 03 00 05 00 11 00 14 00 23 00 06 00 00
0x2ced457 | 00 01 00 0a 00 01 00 05 00 01 00 06 00 01 00 00 00 01 00 00 00 03 00 0b 00 0c 00 0d 00 01 00 00
0x2ced4a9 | 00 00 00 01 00 14 00 01 00 04 00 01 00 05 00 01 00 00 00 01 00 00 00 02 00 15 00 16 00 01 00 00
0x2ced4e7 | 00 00 00 01 00 1e 00 01 00 02 00 01 00 03 00 01 00 06 00 01 00 00 00 02 00 1f 00 20 00 01 00 00
0x2ced4eb | 00 1e 00 01 00 02 00 01 00 03 00 01 00 06 00 01 00 00 00 02 00 1f 00 20 00 01 00 00 00 01 00 00
0x2cf8777 | 00 01 00 09 00 01 00 0a 00 01 00 1f 00 01 00 00 00 01 00 00 00 01 00 00 00 01 00 00 00 01 00 00
0x2d0474b | 00 02 00 01 00 02 00 01 00 1c 00 02 00 09 00 0a 00 01 00 00 00 01 00 00 00 01 00 2f 03 01 00 00
0x2d0474f | 00 02 00 01 00 1c 00 02 00 09 00 0a 00 01 00 00 00 01 00 00 00 01 00 2f 03 01 00 00 00 01 00 00
0x2d067f5 | 00 02 00 01 00 02 00 01 00 1c 00 02 00 09 00 0a 00 01 00 00 00 01 00 00 00 01 00 00 00 01 00 00
0x2d067f9 | 00 02 00 01 00 1c 00 02 00 09 00 0a 00 01 00 00 00 01 00 00 00 01 00 00 00 01 00 00 00 01 00 00
0x2d06d35 | 00 00 00 01 00 0d 00 02 00 e8 03 ff ff 01 00 09 04 01 00 00 00 01 00 00 00 01 00 00 00 01 00 00
0x2d06e05 | 00 00 00 01 00 03 00 04 00 29 23 ff ff 0e 00 2e 00 01 00 d3 07 01 00 00 00 01 00 00 00 01 00 00
0x2d06e73 | 00 00 00 01 00 0b 00 04 00 2a 23 ff ff 13 00 2e 00 01 00 98 03 01 00 00 00 01 00 00 00 01 00 00
0x2d0704f | 00 03 00 01 00 02 00 06 00 01 00 28 00 02 00 0d 00 0e 00 01 00 00 00 02 00 70 03 ff ff 01 00 00
0x2d0e369 | 00 00 00 01 00 06 00 02 00 06 00 fd ff 01 00 03 00 01 00 00 00 01 00 00 00 01 00 00 00 01 00 00
0x2d0e397 | 00 00 00 01 00 0d 00 02 00 0d 00 f2 ff 01 00 00 00 01 00 00 00 01 00 00 00 01 00 00 00 01 00 00
0x2d0e3e7 | 00 01 00 05 00 01 00 05 00 01 00 0b 00 01 00 00 00 01 00 00 00 01 00 00 00 01 00 00 00 01 00 00
0x2d0e587 | 00 01 00 06 00 01 00 06 00 01 00 06 00 01 00 06 00 01 00 06 00 01 00 06 00 01 00 06 00 01 00 00
0x2d0e58b | 00 01 00 06 00 01 00 06 00 01 00 06 00 01 00 06 00 01 00 06 00 01 00 06 00 01 00 00 00 01 00 00
0x2d0e58f | 00 01 00 06 00 01 00 06 00 01 00 06 00 01 00 06 00 01 00 06 00 01 00 00 00 01 00 00 00 01 00 00
0x2d0e593 | 00 01 00 06 00 01 00 06 00 01 00 06 00 01 00 06 00 01 00 00 00 01 00 00 00 01 00 00 00 01 00 00
0x2d0e597 | 00 01 00 06 00 01 00 06 00 01 00 06 00 01 00 00 00 01 00 00 00 01 00 00 00 01 00 00 00 01 00 00
0x2d0e5fb | 00 01 00 0a 00 01 00 0a 00 01 00 0a 00 01 00 0d 00 01 00 00 00 01 00 00 00 01 00 00 00 01 00 00
0x2d0e5ff | 00 01 00 0a 00 01 00 0a 00 01 00 0d 00 01 00 00 00 01 00 00 00 01 00 00 00 01 00 00 00 01 00 00
0x2d12363 | 00 00 00 0a 00 05 00 0a 00 0f 00 10 00 14 00 19 00 23 00 28 00 2d 00 32 00 01 00 00 00 01 00 00
0x2d12367 | 00 05 00 0a 00 0f 00 10 00 14 00 19 00 23 00 28 00 2d 00 32 00 01 00 00 00 01 00 00 00 01 00 00
0x2d1236b | 00 0f 00 10 00 14 00 19 00 23 00 28 00 2d 00 32 00 01 00 00 00 01 00 00 00 01 00 00 00 01 00 00
0x2d12445 | 00 00 00 0a 00 05 00 0a 00 0f 00 10 00 14 00 19 00 23 00 28 00 2d 00 32 00 01 00 00 00 01 00 00
0x2d12449 | 00 05 00 0a 00 0f 00 10 00 14 00 19 00 23 00 28 00 2d 00 32 00 01 00 00 00 01 00 00 00 01 00 00
0x2d1244d | 00 0f 00 10 00 14 00 19 00 23 00 28 00 2d 00 32 00 01 00 00 00 01 00 00 00 01 00 00 00 01 00 00
0x2d12527 | 00 00 00 0a 00 05 00 0a 00 0f 00 10 00 14 00 19 00 23 00 28 00 2d 00 32 00 01 00 00 00 01 00 00
0x2d1252b | 00 05 00 0a 00 0f 00 10 00 14 00 19 00 23 00 28 00 2d 00 32 00 01 00 00 00 01 00 00 00 01 00 00
0x2d1252f | 00 0f 00 10 00 14 00 19 00 23 00 28 00 2d 00 32 00 01 00 00 00 01 00 00 00 01 00 00 00 01 00 00
0x2d12609 | 00 00 00 0a 00 05 00 0a 00 0f 00 10 00 14 00 19 00 23 00 28 00 2d 00 32 00 01 00 00 00 01 00 00
0x2d1260d | 00 05 00 0a 00 0f 00 10 00 14 00 19 00 23 00 28 00 2d 00 32 00 01 00 00 00 01 00 00 00 01 00 00
0x2d12611 | 00 0f 00 10 00 14 00 19 00 23 00 28 00 2d 00 32 00 01 00 00 00 01 00 00 00 01 00 00 00 01 00 00
0x2d126eb | 00 00 00 0a 00 05 00 0a 00 0f 00 10 00 14 00 19 00 23 00 28 00 2d 00 32 00 01 00 00 00 01 00 00
0x2d126ef | 00 05 00 0a 00 0f 00 10 00 14 00 19 00 23 00 28 00 2d 00 32 00 01 00 00 00 01 00 00 00 01 00 00
0x2d126f3 | 00 0f 00 10 00 14 00 19 00 23 00 28 00 2d 00 32 00 01 00 00 00 01 00 00 00 01 00 00 00 01 00 00
0x2d127cd | 00 00 00 0a 00 05 00 0a 00 0f 00 10 00 14 00 19 00 23 00 28 00 2d 00 32 00 01 00 00 00 01 00 00
0x2d127d1 | 00 05 00 0a 00 0f 00 10 00 14 00 19 00 23 00 28 00 2d 00 32 00 01 00 00 00 01 00 00 00 01 00 00
0x2d127d5 | 00 0f 00 10 00 14 00 19 00 23 00 28 00 2d 00 32 00 01 00 00 00 01 00 00 00 01 00 00 00 01 00 00
0x2d128af | 00 00 00 0a 00 05 00 0a 00 0f 00 10 00 14 00 19 00 23 00 28 00 2d 00 32 00 01 00 00 00 01 00 00
0x2d128b3 | 00 05 00 0a 00 0f 00 10 00 14 00 19 00 23 00 28 00 2d 00 32 00 01 00 00 00 01 00 00 00 01 00 00
0x2d128b7 | 00 0f 00 10 00 14 00 19 00 23 00 28 00 2d 00 32 00 01 00 00 00 01 00 00 00 01 00 00 00 01 00 00
0x2d1372d | 00 01 00 0a 00 01 00 02 00 01 00 ff ff 01 00 00 00 01 00 00 00 01 00 ad 03 01 00 00 00 01 00 00
0x2d1cc97 | 00 06 00 01 00 15 00 02 00 0b 00 0c 00 01 00 00 00 02 00 7d 00 ff ff 02 00 7a 00 7b 00 01 00 00
0x2d1ebab | 00 00 00 01 00 04 00 02 00 d3 07 ff ff 01 00 a6 03 01 00 00 00 01 00 00 00 01 00 00 00 01 00 00
0x2d29d07 | 00 69 00 02 00 01 00 1e 00 03 00 d0 07 00 00 ff ff 01 00 79 00 01 00 00 00 01 00 00 00 01 00 00
0x2d2a22b | 00 01 00 0a 00 01 00 02 00 01 00 ff ff 01 00 00 00 01 00 00 00 01 00 b0 00 01 00 00 00 01 00 00
0x2d32c69 | 00 01 00 01 00 06 00 02 00 84 03 ff ff 01 00 00 00 01 00 00 00 01 00 00 00 01 00 00 00 01 00 00
0x2d33161 | 00 01 00 02 00 06 00 01 00 32 00 01 00 03 00 01 00 00 00 02 00 98 03 ff ff 01 00 87 00 01 00 00
0x2d3318b | 00 00 00 03 00 01 00 02 00 06 00 01 00 32 00 01 00 03 00 01 00 00 00 02 00 98 03 ff ff 01 00 00
0x2d3318f | 00 01 00 02 00 06 00 01 00 32 00 01 00 03 00 01 00 00 00 02 00 98 03 ff ff 01 00 00 00 01 00 00
0x2d33977 | 00 03 00 01 00 02 00 06 00 01 00 06 00 02 00 0b 00 0c 00 01 00 00 00 02 00 89 03 ff ff 01 00 00
0x2d3397b | 00 02 00 06 00 01 00 06 00 02 00 0b 00 0c 00 01 00 00 00 02 00 89 03 ff ff 01 00 00 00 01 00 00
0x2d3411f | 00 00 00 01 00 07 00 02 00 93 03 ff ff 01 00 9e 02 01 00 00 00 01 00 00 00 01 00 00 00 01 00 00
0x2d349e9 | 00 02 00 06 00 07 00 01 00 14 00 01 00 02 00 01 00 00 00 04 00 91 03 ff ff 11 00 2f 00 01 00 00
0x2d3bf91 | 00 01 00 06 00 01 00 06 00 01 00 06 00 01 00 07 00 01 00 07 00 01 00 07 00 01 00 00 00 01 00 00
0x2d3bf95 | 00 01 00 06 00 01 00 06 00 01 00 07 00 01 00 07 00 01 00 07 00 01 00 00 00 01 00 00 00 01 00 00
0x2d3bf99 | 00 01 00 06 00 01 00 07 00 01 00 07 00 01 00 07 00 01 00 00 00 01 00 00 00 01 00 00 00 01 00 00
0x2d3bf9d | 00 01 00 07 00 01 00 07 00 01 00 07 00 01 00 00 00 01 00 00 00 01 00 00 00 01 00 00 00 01 00 00
0x2d41065 | 00 2e 00 02 00 01 00 1d 00 01 00 36 00 01 00 1a 03 01 00 00 00 01 00 00 00 01 00 00 00 01 00 00
0x2d4108f | 00 2e 00 02 00 01 00 1d 00 01 00 38 00 01 00 1b 03 01 00 00 00 01 00 00 00 01 00 00 00 01 00 00
0x2d410b9 | 00 2e 00 02 00 01 00 1d 00 01 00 3a 00 01 00 1c 03 01 00 00 00 01 00 00 00 01 00 00 00 01 00 00
0x2d413f9 | 00 00 00 01 00 0f 00 02 00 01 00 12 00 01 00 00 00 01 00 03 00 01 00 1b 00 01 00 00 00 01 00 00
0x2d41599 | 00 01 00 0b 00 01 00 03 00 01 00 ff ff 01 00 00 00 01 00 00 00 01 00 8c 00 01 00 00 00 01 00 00
0x2d4192b | 00 01 00 0c 00 01 00 03 00 01 00 ff ff 01 00 00 00 01 00 00 00 01 00 40 1f 01 00 00 00 01 00 00
0x2d4abc5 | 00 00 00 01 00 05 00 04 00 8c 05 ff ff 13 00 2e 00 01 00 93 02 01 00 00 00 01 00 00 00 01 00 00
0x2d4aca5 | 00 00 00 02 00 01 00 02 00 01 00 19 00 01 00 05 00 01 00 00 00 01 00 00 00 01 00 bc 02 01 00 00
0x2d4aca9 | 00 01 00 02 00 01 00 19 00 01 00 05 00 01 00 00 00 01 00 00 00 01 00 bc 02 01 00 00 00 01 00 00
0x2d4ade7 | 00 02 00 06 00 07 00 01 00 14 00 01 00 04 00 01 00 00 00 04 00 64 05 ff ff 11 00 2f 00 01 00 00
0x2d50c6d | 00 01 00 0c 00 01 00 0c 00 01 00 0c 00 01 00 0c 00 01 00 0b 00 01 00 0c 00 01 00 00 00 01 00 00
0x2d50c71 | 00 01 00 0c 00 01 00 0c 00 01 00 0c 00 01 00 0b 00 01 00 0c 00 01 00 00 00 01 00 00 00 01 00 00
0x2d50c75 | 00 01 00 0c 00 01 00 0c 00 01 00 0b 00 01 00 0c 00 01 00 00 00 01 00 00 00 01 00 00 00 01 00 00
0x2d50c79 | 00 01 00 0c 00 01 00 0b 00 01 00 0c 00 01 00 00 00 01 00 00 00 01 00 00 00 01 00 00 00 01 00 00
0x2d50da7 | 00 01 00 02 00 03 00 0b 00 01 00 02 00 03 00 0b 00 01 00 02 00 03 00 0b 00 01 00 02 00 01 00 00
0x2d50dab | 00 03 00 0b 00 01 00 02 00 03 00 0b 00 01 00 02 00 03 00 0b 00 01 00 02 00 01 00 00 00 01 00 00
0x2d50daf | 00 01 00 02 00 03 00 0b 00 01 00 02 00 03 00 0b 00 01 00 02 00 01 00 00 00 01 00 00 00 01 00 00
0x2d50db3 | 00 03 00 0b 00 01 00 02 00 03 00 0b 00 01 00 02 00 01 00 00 00 01 00 00 00 01 00 00 00 01 00 00
0x2d50db7 | 00 01 00 02 00 03 00 0b 00 01 00 02 00 01 00 00 00 01 00 00 00 01 00 00 00 01 00 00 00 01 00 00
0x2d538cb | 00 00 00 0a 00 14 00 1e 00 28 00 3c 00 01 00 00 00 01 00 00 00 01 00 00 00 01 00 00 00 04 00 00
0x2d53a95 | 00 00 00 0a 00 14 00 1e 00 28 00 3c 00 01 00 00 00 01 00 00 00 01 00 00 00 01 00 00 00 04 00 00
0x2d53bc9 | 00 00 00 0a 00 14 00 1e 00 28 00 3c 00 01 00 00 00 01 00 00 00 01 00 00 00 01 00 00 00 04 00 00
0x2d53c65 | 00 00 00 0a 00 14 00 1e 00 28 00 3c 00 01 00 00 00 01 00 00 00 01 00 00 00 01 00 00 00 04 00 00
0x2d541eb | 00 01 00 0a 00 01 00 03 00 01 00 ff ff 01 00 00 00 01 00 00 00 01 00 47 05 01 00 00 00 01 00 00
0x2d5dfcb | 00 02 00 01 00 02 00 01 00 1d 00 02 00 09 00 0a 00 01 00 00 00 01 00 00 00 01 00 02 00 01 00 00
0x2d5eaa7 | 00 00 00 01 00 09 00 02 00 d2 07 ff ff 01 00 1b 02 01 00 00 00 01 00 00 00 01 00 00 00 01 00 00
0x2d5f10b | 00 01 00 02 00 06 00 01 00 3e 00 01 00 03 00 01 00 00 00 02 00 bb 03 ff ff 01 00 06 00 01 00 00
0x2d5f529 | 00 02 00 06 00 07 00 01 00 40 00 01 00 03 00 01 00 00 00 04 00 4e 25 ff ff 11 00 2f 00 01 00 00
0x2d66ab9 | 00 00 00 01 00 0d 00 02 00 0d 00 f2 ff 01 00 0e 00 01 00 0e 00 01 00 00 00 01 00 00 00 01 00 00
0x2d66b67 | 00 00 00 01 00 06 00 01 00 07 00 02 00 06 00 f9 ff 01 00 00 00 01 00 00 00 01 00 00 00 01 00 00
0x2d66b6b | 00 06 00 01 00 07 00 02 00 06 00 f9 ff 01 00 00 00 01 00 00 00 01 00 00 00 01 00 00 00 01 00 00
0x2d66ce9 | 00 07 00 01 00 06 00 01 00 06 00 01 00 06 00 01 00 06 00 02 00 08 00 f7 ff 01 00 09 00 01 00 00
0x2d66ced | 00 06 00 01 00 06 00 01 00 06 00 01 00 06 00 02 00 08 00 f7 ff 01 00 09 00 01 00 00 00 01 00 00
0x2d66cf1 | 00 06 00 01 00 06 00 01 00 06 00 02 00 08 00 f7 ff 01 00 09 00 01 00 00 00 01 00 00 00 01 00 00
0x2d66cf5 | 00 06 00 01 00 06 00 02 00 08 00 f7 ff 01 00 09 00 01 00 00 00 01 00 00 00 01 00 00 00 01 00 00
0x2d6db37 | 00 09 00 09 00 0c 00 0d 00 0f 00 10 00 11 00 15 00 16 00 17 00 01 00 00 00 01 00 00 00 01 00 00
0x2d6db3b | 00 0c 00 0d 00 0f 00 10 00 11 00 15 00 16 00 17 00 01 00 00 00 01 00 00 00 01 00 00 00 01 00 00
0x2d6e1b3 | 00 01 00 02 00 01 00 03 00 01 00 ff ff 01 00 00 00 01 00 00 00 01 00 02 00 01 00 03 00 01 00 00
0x2d6e203 | 00 01 00 03 00 01 00 03 00 01 00 ff ff 01 00 00 00 01 00 00 00 01 00 1a 01 01 00 00 00 01 00 00
0x2d6eafd | 00 01 00 0b 00 01 00 02 00 01 00 ff ff 01 00 00 00 01 00 00 00 01 00 02 00 01 00 05 00 01 00 00
0x2d76e45 | 00 00 00 01 00 08 00 02 00 3e 03 ff ff 01 00 e8 00 01 00 00 00 01 00 00 00 01 00 00 00 01 00 00
0x2d7748d | 00 03 00 01 00 02 00 06 00 01 00 2d 00 02 00 0d 00 0e 00 01 00 00 00 02 00 8e 03 ff ff 01 00 00
0x2d776ed | 00 00 00 02 00 01 00 03 00 01 00 43 00 01 00 00 00 01 00 0a 00 01 00 00 00 01 00 4a 02 01 00 00
0x2d7e1a9 | 00 01 00 06 00 01 00 06 00 01 00 06 00 01 00 07 00 01 00 07 00 01 00 07 00 01 00 07 00 01 00 00
0x2d7e1ad | 00 01 00 06 00 01 00 06 00 01 00 07 00 01 00 07 00 01 00 07 00 01 00 07 00 01 00 00 00 01 00 00
0x2d7e1b1 | 00 01 00 06 00 01 00 07 00 01 00 07 00 01 00 07 00 01 00 07 00 01 00 00 00 01 00 00 00 01 00 00
0x2d7e1b5 | 00 01 00 07 00 01 00 07 00 01 00 07 00 01 00 07 00 01 00 00 00 01 00 00 00 01 00 00 00 01 00 00
0x2d7e1b9 | 00 01 00 07 00 01 00 07 00 01 00 07 00 01 00 00 00 01 00 00 00 01 00 00 00 01 00 00 00 01 00 00
0x2d816f7 | 00 01 00 05 00 01 00 02 00 01 00 ff ff 01 00 00 00 01 00 00 00 01 00 d1 1b 01 00 00 00 01 00 00
0x2d81a2b | 00 01 00 0f 00 01 00 03 00 01 00 ff ff 01 00 00 00 01 00 00 00 01 00 00 00 01 00 00 00 01 00 00
0x2d81acb | 00 01 00 11 00 01 00 03 00 01 00 ff ff 01 00 00 00 01 00 00 00 01 00 00 00 01 00 00 00 01 00 00
0x2d81b57 | 00 01 00 12 00 01 00 03 00 01 00 ff ff 01 00 00 00 01 00 00 00 01 00 2c 01 01 00 00 00 01 00 00
0x2d81c23 | 00 01 00 0c 00 01 00 03 00 01 00 ff ff 01 00 00 00 01 00 00 00 01 00 23 24 01 00 00 00 01 00 00
0x2d81c87 | 00 01 00 0d 00 01 00 03 00 01 00 ff ff 01 00 00 00 01 00 00 00 01 00 45 02 01 00 00 00 01 00 00